insertion	no_00	no_01	no_11	ACB.00	ASW.00	BEB.00	CDX.00	CEU.00	CHB.00	CHS.00	CLM.00	ESN.00	FIN.00	GBR.00	GIH.00	GWD.00	IBS.00	ITU.00	JPT.00	KHV.00	LWK.00	MSL.00	MXL.00	PEL.00	PJL.00	PUR.00	STU.00	TSI.00	YRI.00	ACB.01	ASW.01	BEB.01	CDX.01	CEU.01	CHB.01	CHS.01	CLM.01	ESN.01	FIN.01	GBR.01	GIH.01	GWD.01	IBS.01	ITU.01	JPT.01	KHV.01	LWK.01	MSL.01	MXL.01	PEL.01	PJL.01	PUR.01	STU.01	TSI.01	YRI.01	ACB.11	ASW.11	BEB.11	CDX.11	CEU.11	CHB.11	CHS.11	CLM.11	ESN.11	FIN.11	GBR.11	GIH.11	GWD.11	IBS.11	ITU.11	JPT.11	KHV.11	LWK.11	MSL.11	MXL.11	PEL.11	PJL.11	PUR.11	STU.11	TSI.11	YRI.11
1_106015875	1838	52	87	58	39	73	78	86	63	78	68	48	90	75	92	51	98	95	56	69	51	49	55	76	84	73	90	90	53	9	2	0	0	0	0	0	0	9	0	0	0	11	0	0	0	0	7	6	0	0	0	1	0	0	7	7	5	0	0	0	0	0	0	20	0	0	0	22	0	0	0	0	13	10	1	0	0	0	0	0	9
1_111802592	750	962	717	30	16	24	13	22	41	32	22	27	38	31	30	41	35	42	30	23	24	27	17	17	32	35	31	42	28	36	21	33	42	47	33	35	35	44	33	30	51	40	37	37	38	36	43	35	26	42	36	33	44	40	35	29	20	22	43	24	23	39	34	26	26	24	24	32	30	24	24	41	27	21	21	26	26	28	27	24	32
11_60449890	2215	139	41	95	57	78	78	92	80	93	65	87	99	85	101	112	97	101	75	84	89	84	52	48	93	75	101	103	91	0	1	0	12	0	13	12	17	7	0	0	1	0	0	0	8	9	4	0	9	24	1	19	0	0	2	1	0	0	3	1	2	2	7	2	0	0	0	0	0	0	3	5	1	0	2	9	1	2	0	0	0
12_44313657	1503	693	249	35	23	60	48	81	50	56	72	31	83	75	78	53	85	70	53	40	28	37	54	61	72	76	61	92	29	41	25	16	34	9	37	33	16	46	14	10	20	45	18	27	25	42	52	32	10	17	20	15	30	13	46	20	11	3	16	4	9	18	3	20	1	0	7	15	3	6	14	18	17	15	0	7	4	4	11	1	22
12_124066477	1874	366	161	57	35	60	90	69	87	95	67	63	81	60	85	53	81	93	86	96	54	37	52	80	83	74	89	88	59	32	16	11	4	18	5	5	14	23	5	15	16	39	17	5	3	4	21	30	6	4	8	11	9	16	29	6	7	6	4	5	2	2	8	11	6	10	3	21	6	2	0	0	21	17	2	0	2	9	2	3	6
13_90743183	1614	233	197	37	28	49	85	81	80	99	69	42	66	63	72	43	69	76	65	73	34	35	50	66	81	59	78	70	44	10	15	0	0	5	0	0	4	21	14	10	7	36	4	3	2	1	24	15	5	2	6	17	1	10	21	26	12	4	0	6	0	0	3	18	5	6	1	20	7	4	3	0	23	19	0	1	2	7	1	10	19
15_63374594	246	701	1497	8	5	3	0	13	0	0	16	15	7	10	6	12	13	9	0	1	22	10	7	25	12	16	7	19	10	28	26	19	2	34	5	4	37	33	33	37	21	46	29	33	9	2	33	32	32	32	33	30	35	39	37	60	28	56	96	47	91	104	38	48	59	38	79	55	64	61	83	97	42	42	24	28	50	50	61	47	49
19_21841536	1739	448	206	53	39	51	54	86	71	75	83	59	75	75	64	76	89	60	60	59	44	56	50	70	73	88	69	96	64	29	12	20	20	5	15	21	6	32	15	2	23	28	7	33	11	26	28	22	9	6	21	6	23	4	24	13	7	8	18	2	8	11	1	6	7	5	11	9	3	9	17	13	21	6	4	4	2	2	10	2	7
19_22414379	863	966	598	15	13	25	37	50	44	58	42	13	41	40	34	15	51	26	42	48	16	12	32	34	43	37	39	42	14	44	17	34	41	33	37	27	32	38	37	34	47	55	37	53	36	34	36	34	25	37	34	41	35	49	39	37	28	20	18	11	14	22	15	46	19	12	25	43	16	23	13	18	42	38	5	12	17	18	29	16	41
19_29855781	886	967	592	33	17	38	19	27	18	21	42	29	34	31	62	27	46	60	24	19	28	25	29	40	41	35	52	56	33	40	32	29	38	43	35	45	38	42	37	31	35	46	41	29	36	44	36	37	21	35	42	39	38	36	42	23	10	12	41	24	44	41	10	26	28	23	9	40	19	12	32	37	33	22	14	10	12	22	13	15	20
19_57996939	2361	54	11	90	54	77	97	93	96	106	88	81	98	84	105	101	101	103	90	100	91	73	62	85	96	92	103	104	91	4	2	0	0	0	0	0	0	15	0	0	0	11	2	0	0	0	4	8	1	0	0	2	0	0	5	2	1	0	0	0	0	0	1	1	0	0	0	1	1	0	0	0	1	2	0	0	0	1	0	0	0
4_9603240	470	950	1026	19	16	19	21	3	26	31	16	26	2	1	22	23	2	23	32	19	20	24	14	31	16	5	28	4	27	44	20	40	39	31	38	34	38	48	17	23	48	50	32	47	41	43	47	34	25	37	42	32	36	22	42	33	22	20	38	60	31	43	37	23	80	62	36	40	72	33	19	38	29	26	25	16	38	59	38	80	28
5_64388440	2217	174	32	77	47	76	94	86	95	103	88	78	90	80	102	99	99	102	92	94	69	68	56	82	88	81	102	94	75	15	7	1	3	7	1	3	3	16	6	4	1	13	3	0	0	5	21	15	7	2	7	10	1	6	17	4	3	0	0	1	1	0	0	1	1	2	1	0	2	0	0	0	4	1	0	0	0	4	0	4	3
6_32648036	1075	382	546	58	37	21	31	49	30	28	42	58	53	42	43	57	56	36	25	39	68	36	25	19	36	37	40	55	54	17	8	19	4	17	14	7	17	17	17	21	16	14	14	21	18	10	12	10	9	7	23	19	21	13	17	15	7	22	25	23	25	38	20	13	20	13	28	17	13	26	33	21	9	23	16	31	25	22	30	16	15
6_161270899	247	807	1394	14	5	3	0	17	0	0	11	13	28	17	7	12	28	2	0	0	11	13	5	2	11	13	4	22	9	52	31	28	1	40	4	4	36	43	40	37	42	48	44	40	3	3	33	40	19	18	33	44	31	52	41	30	23	47	97	37	93	104	44	40	31	32	57	53	34	61	89	97	53	31	40	65	52	38	68	32	46
X_93606603	2247	30	21	81	54	76	91	88	89	102	84	83	91	78	98	98	97	99	82	96	80	74	63	75	95	91	98	99	85	5	3	0	0	0	0	0	2	4	0	0	0	7	0	0	0	0	2	1	0	0	0	3	0	0	3	4	1	0	0	0	0	0	0	2	0	0	0	4	0	0	0	0	1	3	0	1	0	0	0	0	5
11_71875417	18	239	2196	0	0	1	6	0	2	2	0	0	0	0	1	0	0	1	0	3	0	0	0	0	1	0	0	0	1	16	6	7	16	0	19	14	4	15	3	0	15	14	2	8	13	17	13	13	0	1	10	4	15	4	10	80	53	71	76	94	76	92	87	82	96	86	90	99	104	94	79	80	84	71	64	84	85	92	88	103	86
11_101565789	16	250	2186	3	1	0	0	0	0	0	0	3	0	0	0	2	0	0	0	2	2	1	0	0	0	0	0	0	2	27	17	13	12	0	8	7	3	18	0	0	5	17	1	20	3	19	18	13	0	1	15	5	12	0	16	66	41	66	86	94	89	101	88	76	99	86	101	94	105	83	89	79	77	69	64	84	81	91	91	107	79
12_55727210	248	662	1521	9	6	1	20	3	20	27	3	19	2	1	6	13	5	5	16	20	17	17	1	1	4	2	7	6	17	20	22	26	28	25	31	42	26	30	14	22	15	39	18	23	22	31	37	27	19	14	23	28	31	17	32	67	30	50	49	66	45	39	61	46	83	63	85	58	83	75	51	46	41	39	44	70	69	66	65	84	46
3_14132679	51	224	2178	6	3	0	0	0	0	0	0	9	0	0	0	9	0	0	0	0	5	8	0	0	0	0	0	0	11	24	15	0	0	0	0	0	4	39	0	0	0	39	0	0	0	0	32	28	2	1	0	7	0	0	33	66	41	79	98	94	97	108	87	49	99	86	106	65	106	103	92	100	60	48	62	84	96	89	103	107	53
3_195654395	16	210	2227	0	0	0	1	0	0	0	0	0	0	0	1	0	0	1	0	3	0	0	0	10	0	0	0	0	0	1	0	8	10	8	13	8	4	0	8	7	11	0	8	18	18	11	1	0	7	27	12	10	11	9	0	95	59	71	87	86	84	100	87	97	91	79	94	113	98	84	74	86	96	84	57	48	84	86	92	98	97
4_120263688	163	62	2066	10	5	4	13	4	7	11	6	4	2	7	4	6	7	2	10	8	4	12	4	8	4	7	3	6	5	4	3	2	3	0	1	3	5	2	1	4	5	4	0	4	0	1	1	4	3	0	1	3	0	1	7	73	47	71	75	87	80	85	76	86	88	72	93	95	94	94	73	83	74	61	52	72	87	80	95	95	78
5_8937848	110	590	1753	5	9	3	0	6	0	0	6	8	2	7	4	3	9	5	0	0	5	7	4	0	3	8	3	9	4	32	16	22	3	37	3	4	26	31	18	28	29	32	30	24	5	4	39	28	12	12	22	37	24	36	36	59	34	54	95	51	94	104	59	58	79	51	73	78	67	74	87	96	53	49	48	73	71	51	76	62	57
7_158029477	1514	587	309	67	38	53	58	48	54	47	52	68	45	43	61	97	58	68	55	52	62	68	41	53	66	60	77	56	67	24	14	21	29	33	28	27	17	17	21	23	30	10	25	23	19	30	20	11	16	24	25	20	24	32	24	4	6	3	10	13	12	27	18	12	26	18	14	6	22	11	16	17	13	4	7	7	4	15	2	19	3
8_7355392	665	269	765	20	16	19	38	27	29	39	20	26	33	28	24	29	34	24	23	30	16	22	22	22	25	29	28	30	12	7	8	11	5	10	13	6	14	10	7	16	14	13	9	13	13	12	6	6	10	11	15	8	12	13	7	43	25	27	11	21	19	22	27	46	22	17	27	55	27	42	24	22	49	33	21	11	36	28	32	27	51
8_18651453	912	834	677	23	22	28	13	59	11	21	45	26	56	51	48	35	72	38	17	16	20	23	38	37	34	50	36	68	25	43	19	32	30	22	48	33	36	39	28	25	35	41	22	40	30	35	35	30	14	25	41	37	35	24	35	28	17	18	55	13	37	53	9	32	14	9	21	37	7	24	42	49	42	31	11	21	21	8	31	11	36
